Day,Cases
0,0
1,0
2,0
3,0
4,0
5,0
6,0
7,0
8,0
9,0
10,0
11,0
12,0
13,0
14,0
15,0
16,0
17,0
18,0
19,0
20,0
21,0
22,0
23,0
24,0
25,0
26,0
27,0
28,0
29,0
30,0
31,0
32,0
33,0
34,0
35,0
36,0
37,0
38,0
39,0
40,0
41,0
42,0
43,0
44,0
45,0
46,0
47,0
48,1
49,8
50,11
51,27
52,36
53,43
54,55
55,69
56,86
57,109
58,137
59,200
60,313
61,345
62,345
63,443
64,558
65,674
66,786
67,901
68,989
69,1181
70,1181
71,1317
72,1475
73,1673
74,1801
75,1988
76,2100
77,2249
78,2528
79,2752
80,2974
81,3234
82,3400
83,3472
84,3574
85,3751
86,4016
87,4210
88,4273
89,4467
90,4658
91,4821
92,5166
93,5338
94,5538
95,5779
96,6021
97,6021
98,6378
99,6532
100,6720
101,7090
102,7090
103,7197
104,7523
105,7731
106,7868
107,8070
108,8282
109,8448
110,8616
111,8783
112,8944
113,9118
114,9268
115,9449
116,9606
117,9726
118,9867
119,9977
120,10116
121,10267
122,10577
123,10926
124,11183
125,11447
126,11728
127,12131
128,12531
129,13018
130,13463
131,13837
132,14095
133,14609
134,15044
135,15463
136,16004
137,16425
138,16854
139,17233
140,17889
141,18586
142,19211
143,20059
144,21418
145,21422
146,21962
147,22597
148,23351
149,24274
150,25222
151,26030
152,26752
153,27314
154,28030
155,29037
156,29905
157,30658
158,31686
159,32785
160,33550
161,34463
162,35237
163,35995
164,36983
165,38149
166,39334
167,40291
168,41251
169,42216
170,43257
171,44332
172,45633
173,47173
174,48096
175,49243
176,50373
177,51408
178,52261
179,53468
180,54426
181,55153
182,55906
183,56817
184,57993
185,58864
186,60296
187,61442
188,62223
189,63269
190,64191
191,65256
192,66383
193,67453
194,68456
195,69424
196,70231
197,71418
198,72560
199,73651
200,74492
201,75394
202,76464
203,77377
204,78446
205,79402
206,80665
207,81940
208,82543
209,82790
210,83754
211,83855
212,84392
213,85480
214,86900
215,87485
216,88381
217,89082
218,89982
219,90624
220,91337
221,92065
222,92982
223,93552
224,94084
225,94914
226,95596
227,96305
228,97043
229,97578
230,98407
231,99042
232,99715
233,100330
234,101041
235,101745
236,102204
237,102832
238,103466
239,104138
240,104879
241,105601
242,106203
243,106810
244,107284
245,107990
246,108726
247,109431
248,110108
249,110555
250,111277
251,111853
252,112595
253,113342
254,113962
255,114653
256,115286
257,115919
258,116602
259,117300
260,118054
261,118841
262,119666
263,120313
264,120802
265,121296
266,122128
267,122883
268,123498
269,124107
270,124745
271,125181
272,125739
273,126435
274,127227
275,127866
276,128515
277,129200
278,129751
279,130422
280,131247
281,132045
282,132867
283,133598
284,134336
285,134915
286,135592
287,136024
288,136567
289,137760
290,138506
291,139527
292,140331
293,141302
294,142465
295,143352
296,144477
297,145309
298,146653
299,147667
300,148721
301,149833
302,151089
303,152289
304,153577
305,154783
306,155658
307,156930
308,158532
309,160287
310,161744
311,163453
312,164729
313,165806
314,167311
315,169339
316,171219
317,173607
318,175907
319,177719
320,179230
321,181166
322,182977
323,185424
324,187779
325,190585
326,193007
327,194619
328,196987
329,199947
330,203295
331,206310
332,209584
333,212339
334,214038
335,217202
336,220261
337,223674
338,226660
339,228724
340,231357
341,233705
342,238279
343,242744
344,246790
345,249733
