,0
1.2781935961715793,3
1.4327197614989333,5
1.4327197614989333,5
2.105322383935788,28
2.138025490120973,30
2.153745703389034,31
2.1986558885325027,34
2.2670947653923235,39
2.3170925594928606,43
2.4579531350609782,56
2.5144871133097912,62
2.607933960398817,73
2.6765607033249075,82
2.8103078769071788,102
2.8753523338515397,113
2.9087801694982605,119
3.025911153097637,142
3.0901506639124205,156
3.2443825984126238,194
3.414928865235136,244
3.653229181881042,330
3.805110686967995,396
4.006816767943486,499
4.071362190992897,536
4.260787397013893,657
4.358261275683918,727
4.556317869177429,887
4.666369056213854,987
4.704894630248374,1024
4.920141426553377,1251
5.042988284258811,1397
5.462691024711472,1998
5.7651376903865765,2543
5.777249352589196,2567
6.018134279710337,3082
6.226038032286016,3588
6.637481821219737,4778
6.796180228758232,5311
6.961973322626058,5916
7.164215220064309,6725
7.362261665281404,7598
7.538373033781377,8446
7.684706694320499,9205
7.906125537923798,10453
8.074508614287236,11487
8.202091674530637,12322
8.361404360360202,13430
8.486365833800164,14352
8.6609991799543,15722
8.883807555628328,17615
8.985863139107146,18539
9.14760272032103,20080
9.275741817797785,21370
9.43637367848578,23077
9.565985686025874,24530
9.714650074886421,26283
9.844312644659578,27890
9.964821744243737,29451
10.103038054149684,31324
10.22566416942449,33062
10.347562551200502,34863
10.502243494240377,37257
10.652267048158718,39699
10.816049657440418,42505
11.031974471215293,46437
11.185485332006026,49400
11.362035851963153,52987
11.519366192263725,56351
11.668690128447528,59695
11.801968986589491,62808
11.979987664725696,67161
12.12082932900788,70768
12.253144762594522,74292
12.38915771597908,78055
12.526284505917628,81997
12.653279193222316,85784
12.810153735520322,90648
12.96625611208426,95698
13.103850782774566,100328
13.279104047168182,106475
13.430790234382542,112028
13.593349111239217,118226
13.758542908502548,124794
13.918560432810969,131423
14.083435215405121,138536
14.226562468836844,144950
14.352728166659762,150793
14.50498302131531,158086
14.65201567252252,165386
14.80947160550562,173491
14.965564543491979,181827
15.124108789226746,190609
15.259565749849735,198370
15.408614887861726,207191
15.565857409820426,216824
15.721732875622326,226713
15.866145197818604,236184
16.020183310739267,246622
16.175221500911732,257486
16.292224951487444,265928
16.43004562586975,276146
16.56707452936633,286605
16.706185529247605,297535
16.84781908417876,308993
16.991005371918273,320922
17.125204060633042,332424
17.246475096616855,343091
17.368218180418975,354065
17.50743402689843,366946
17.650215947028023,380532
17.79846206514655,395048
17.951210729952845,410451
18.09413637365159,425282
18.234186186670687,440215
18.379918700820003,456183
18.530096570916207,473105
18.679342827895276,490401
18.834950245117216,508953
18.99709034201356,528859
19.151071184163673,548318
19.2937442336357,566840
19.43372410025424,585481
19.574039541598875,604641
19.723234819730294,625544
19.881419955399743,648315
20.049198033134846,673165
20.208337223915507,697413
20.35063288529123,719664
20.49264843936686,742417
20.644116392191517,767296
20.801350027143798,793802
20.95802673603156,820916
21.119027219059024,849522
21.27655305211032,878254
21.42889087494691,906752
21.582351783490918,936181
21.74841629892137,968857
21.921413301424856,1003832
22.09110679383265,1039084
22.27231165642507,1077781
22.456290100727287,1118206
22.62078488725067,1155338
22.78381844902776,1193078
22.976044778989642,1238798
23.177285601814404,1288108
23.371091431930747,1337024
23.55830826456246,1385635
23.745556508446224,1435616
23.90790195035274,1480073
24.09163633585551,1531669
24.2661647211028,1581963
24.444756068462627,1634746
24.646441387931777,1695988
24.821965833370513,1750723
24.98782438758405,1803695
25.1471514252054,1855745
25.304404927312607,1908254
25.469269735336997,1964536
25.648212377504787,2027074
25.820153621477722,2088611
25.99592910004717,2153010
26.16150897183702,2215074
26.301635484684855,2268675
26.45791707509722,2329638
26.626050900449968,2396637
26.784628382315773,2461190
26.940434588143994,2525922
27.09152980179761,2589952
27.225247984886913,2647663
27.350635169403684,2702681
27.49529250027996,2767253
27.648464261742376,2836925
27.797092249741997,2905825
27.94505618524051,2975701
28.089033247037865,3044940
28.21461422798633,3106348
28.337416388241106,3167323
28.451005274675477,3224547
28.618200596018642,3310234
28.766106913887505,3387500
28.909935725378137,3463972
29.055514722933324,3542733
29.198153081719823,3621245
29.323175683637746,3691166
29.461115633356602,3769523
29.606337401593823,3853406
29.748209567136833,3936747
29.892900797918724,4023179
30.042053031654035,4113811
30.188947543167412,4204613
30.30971185232773,4280422
30.450487161903833,4370128
30.598269723219992,4465863
30.74484076220903,4562414
30.890531722469884,4659984
31.029210812881864,4754356
31.162463460148754,4846427
31.282060166264937,4930236
